ans =

        0
        0
   0.0450
   0.0800
   0.1050
   0.1200
   0.1250
   0.1200
   0.1050
   0.0800
   0.0450

