Merge "tensile-test.msh";

General.ScaleX = 1.474026517931325;
General.ScaleY = 1.474026517931325;
General.ScaleZ = 1.474026517931325;
General.TrackballQuaternion0 = 0.4280583801086145;
General.TrackballQuaternion1 = -0.2049532589766997;
General.TrackballQuaternion2 = -0.2493569124592779;
General.TrackballQuaternion3 = 0.8441453163184609;
General.TranslationX = 0.7103989111059923;
General.TranslationY = 0.9156383442287981;
